0 0.9939570102446215 0.9611083748640651
1 1.0 0.9603964539306861
2 0.9952193658884436 0.9606050521344887
3 0.989969278483039 0.9565448076525245
4 0.9847310911217261 0.9619722294105958
5 0.988187855509545 0.9529357847713372
6 0.9970507940166096 0.9367421175005045
7 0.9949141295194165 0.9369916793065488
8 0.9984165639885073 0.9260950521651173
9 0.9979141624688745 0.9222124998710033
10 0.9913021317125033 0.9239569520942351
11 0.9818089390872675 0.9289402444925994
12 0.9844906402085128 0.919454755880915
13 0.9870441598842749 0.9096099068188638
14 0.9862243553735173 0.9042615698527219
15 0.9808968257188386 0.9077925407822554
16 0.9729741242308004 0.9095405767164
17 0.9638183830573371 0.909197731460477
18 0.9535275528307477 0.9111227193769701
19 0.9486281448279197 0.9058213213263357
20 0.9451895541132701 0.9010269997419277
21 0.9393511512755321 0.9011176223493886
22 0.9290420919037327 0.9043570897697278
23 0.9219225200606217 0.9013905749698599
24 0.9064910186506793 0.9141702688759868
25 0.8958714050156118 0.9132568878451696
26 0.8850983623488949 0.9188256830665787
27 0.874397015035241 0.9192707688931735
28 0.8651636725978379 0.9233574820500754
29 0.8526418965947408 0.9289955055514436
30 0.8360385079582584 0.9399270222232288
31 0.823009312915767 0.9405284518645909
32 0.8120386519765063 0.9437530004133754
33 0.7981090512454494 0.9467985204480801
34 0.7861103944567307 0.9501147989150992
35 0.7699531786713785 0.9576479405180026
36 0.7562156718450986 0.9651004932848599
37 0.7411921139003752 0.9710482356580031
38 0.7275443049673282 0.9717186597975598
39 0.7125184025941551 0.9774962810085007
40 0.6981436931751577 0.9829436771440782
41 0.684520777683456 0.987130997471786
42 0.6696217590365767 0.9973421304545986
43 0.6564871193345735 1.0
44 0.6460839524438641 0.9968616813006166
45 0.6353729242915392 0.9915999554442614
46 0.6255894379452954 0.9854093236494678
47 0.6146788829620731 0.9803426326001234
48 0.6032320426691566 0.9788537418795852
49 0.5928114842133932 0.9729567670565609
50 0.5805090650118427 0.970722851814966
51 0.5681123007718231 0.9661158303965747
52 0.5564133616486103 0.9609455664854277
53 0.5452497413762898 0.9507661611431664
54 0.5360024080200849 0.9371954527933019
55 0.5225859150891998 0.9363878218435718
56 0.5114477538265029 0.9259954195731934
57 0.49822721871542913 0.9210471680366218
58 0.48599166799558996 0.9126643735980312
59 0.471980418410915 0.9085008795333529
60 0.45844258609643435 0.8982000714431708
61 0.44763993507845523 0.8815361646268423
62 0.43527915270194895 0.8720217887818917
63 0.4211213947799668 0.8631458829037022
64 0.40692317857928584 0.8572129685421761
65 0.39157529712723904 0.8511858550284255
66 0.3763850491882016 0.8460418691016579
67 0.36350606645089795 0.831000088442684
68 0.35143588941253945 0.8087855191316525
69 0.3382329484354915 0.7930235500873184
70 0.32378333601133263 0.7791368113046931
71 0.3085724813541968 0.7681333767907234
72 0.2934562756888697 0.7542925696577197
73 0.27836690525185814 0.7391346681487002
74 0.2654016286186979 0.7114623256078806
75 0.2511138278966641 0.6909715735359664
76 0.23679513187156406 0.6664206174608427
77 0.22203421673728777 0.6381583002244663
78 0.20686124953495283 0.6099881165719092
79 0.1914480571987805 0.57806755297094
80 0.17574944604765716 0.540016734758527
81 0.15990758603316535 0.4951512653559315
82 0.14347649034092513 0.44700389817452135
83 0.12613481207740004 0.401119765306767
84 0.10859513810713564 0.3486277111862854
85 0.09056491624381849 0.29833837971948524
86 0.07255464659068572 0.2454693851982924
87 0.05433300450249651 0.20443410613289084
88 0.03670989291421777 0.1319645880076874
