2 0.786 1.0
3 0.832 0.975
4 0.826 0.97
5 0.859 0.949
6 0.825 0.947
7 0.823 0.942
8 0.831 0.938
9 0.82 0.936
10 0.812 0.931
11 0.809 0.927
12 0.815 0.923
13 0.814 0.917
14 0.812 0.914
15 0.813 0.912
16 0.824 0.907
17 0.819 0.904
18 0.814 0.901
19 0.82 0.897
20 0.831 0.89
21 0.841 0.884
22 0.85 0.879
23 0.867 0.874
24 0.874 0.867
25 0.89 0.861
26 0.909 0.856
27 0.916 0.85
28 0.92 0.846
29 0.928 0.84
30 0.937 0.837
31 0.948 0.832
32 0.951 0.828
33 0.948 0.825
34 0.954 0.821
35 0.963 0.819
36 0.966 0.813
37 0.969 0.811
38 0.971 0.808
39 0.976 0.804
40 0.979 0.801
41 0.985 0.798
42 0.987 0.794
43 0.989 0.792
44 0.99 0.788
45 0.995 0.786
46 0.995 0.782
47 0.996 0.78
48 0.998 0.777
49 1.0 0.775
50 0.992 0.773
51 0.994 0.77
52 0.996 0.767
53 0.989 0.767
54 0.986 0.764
55 0.992 0.762
56 0.99 0.76
57 0.985 0.757
58 0.988 0.754
59 0.987 0.751
60 0.985 0.75
61 0.985 0.745
62 0.985 0.742
63 0.985 0.74
64 0.982 0.738
65 0.984 0.733
66 0.984 0.732
67 0.982 0.73
68 0.978 0.727
69 0.98 0.726
70 0.979 0.721
71 0.979 0.717
72 0.978 0.715
73 0.977 0.714
74 0.976 0.711
75 0.978 0.708
76 0.976 0.705
77 0.974 0.701
78 0.966 0.695
79 0.963 0.689
80 0.961 0.682
81 0.959 0.674
82 0.95 0.663
83 0.941 0.651
84 0.936 0.64
85 0.93 0.626
86 0.923 0.611
87 0.911 0.598
88 0.9 0.582
89 0.881 0.568
90 0.859 0.549
91 0.826 0.534
92 0.795 0.513
93 0.759 0.495
94 0.723 0.478
95 0.699 0.468
96 0.672 0.455
97 0.647 0.444
98 0.622 0.436
99 0.603 0.429
100 0.548 0.41
