-10 0.078 0.216
-9 0.196 0.357
-8 0.106 0.491
-7 0.098 0.508
-6 0.16 0.523
-5 0.183 0.542
-4 0.187 0.589
-3 0.283 0.561
-2 0.402 0.548
-1 0.61 0.493
0 0.967 0.354
1 1.0 0.326
2 0.759 0.369
3 0.464 0.442
4 0.317 0.477
5 0.344 0.456
6 0.409 0.439
7 0.423 0.436
8 0.427 0.45
9 0.42 0.472
10 0.418 0.48
11 0.431 0.48
12 0.451 0.478
13 0.483 0.476
14 0.496 0.487
15 0.485 0.5
16 0.501 0.499
17 0.53 0.5
18 0.554 0.502
19 0.57 0.503
20 0.579 0.506
21 0.581 0.509
22 0.58 0.504
23 0.572 0.505
24 0.583 0.501
25 0.595 0.502
26 0.619 0.506
27 0.679 0.493
28 0.724 0.511
29 0.733 0.57
30 0.757 0.615
31 0.771 0.643
32 0.786 0.655
33 0.793 0.667
34 0.799 0.679
35 0.795 0.697
36 0.793 0.709
37 0.784 0.724
38 0.772 0.74
39 0.767 0.756
40 0.751 0.78
41 0.728 0.806
42 0.745 0.811
43 0.659 0.877
44 0.495 0.964
45 0.576 0.936
46 0.568 0.949
47 0.508 0.978
48 0.521 1.0
