RESULTS
WARNING: HADOOP_PREFIX has been replaced by HADOOP_HOME. Using value of HADOOP_PREFIX.
(0, [1.000065781272827, 0.9999622857343066])
(10, [1.511450019944378, 0.5468494262561665])
(1, [1.000686710287708, 0.9996348152869046])
(2, [2.297210076121411, 0.42087037187464615])
(3, [2.403921820761478, 0.30411425210872484])
(4, [2.3953999688602163, 0.17859119522277633])
(6, [2.006557763229322, 0.10078026203587416])
(7, [2.196906933759207, 0.44258314870092497])
(8, [2.2530306318331976, 0.38746881283125845])
(9, [1.309323962328909, 0.17976006975124684])
WARNING: HADOOP_PREFIX has been replaced by HADOOP_HOME. Using value of HADOOP_PREFIX.
(2, [1.0, 1.0])
(3, [1.0, 1.0])
(4, [1.0, 1.0])
(5, [1.0, 1.0])
(6, [1.0, 1.0])
(7, [1.0, 1.0])
(8, [1.0, 1.0])
(9, [1.0, 1.0])
(10, [1.0, 1.0])
(11, [1.0, 1.0])
(12, [1.0, 1.0])
(13, [1.0, 1.0])
(14, [1.0, 1.0])
(15, [1.0, 1.0])
(16, [1.0, 1.0])
(17, [1.0, 1.0])
(18, [1.0, 1.0])
(19, [1.0, 1.0])
(20, [1.0, 1.0])
(21, [1.0, 1.0])
(22, [1.0, 1.0])
(23, [1.0, 1.0])
(24, [1.0, 1.0])
(25, [1.0, 1.0])
(26, [1.0, 1.0])
(27, [1.0, 1.0])
(28, [1.0, 1.0])
(29, [1.0, 1.0])
(30, [1.0, 1.0])
(31, [1.000188487484833, 0.9999425583110244])
(32, [1.00008118515964, 0.9999722347951452])
(33, [1.0, 1.0])
(34, [1.0000734910094755, 0.9999726992613772])
(35, [1.0, 1.0])
(36, [1.0000625371555631, 0.9999733494178329])
(37, [1.0, 1.0])
(38, [1.0000526725841852, 0.9999527220713834])
(39, [1.0001305951570565, 0.9998981643210691])
(40, [1.0, 1.0])
(41, [1.0000176410035033, 0.9999665393833673])
(42, [1.0000355040213524, 0.9999765316978535])
(43, [1.00006289410931, 0.9999349222073589])
(44, [1.0000239658960408, 0.9999769258018284])
(45, [1.0, 1.0])
(46, [1.0001074227894844, 0.9998732561532531])
(47, [1.000117739723879, 0.999969621323925])
(48, [1.0000589411788707, 0.999907693107386])
(49, [1.0, 1.0])
(50, [1.000140610729504, 0.9999190068098703])
(51, [1.0, 1.0])
(52, [1.0, 1.0])
(53, [1.0001540999539087, 0.9999150926156221])
(54, [1.0000011324066473, 0.999977449910921])
(55, [1.0, 1.0])
(56, [1.0, 1.0])
(57, [1.0001790968414128, 0.999922821441795])
(58, [1.0, 1.0])
(59, [1.0, 1.0])
(60, [1.0000680909076187, 0.999976293148949])
(61, [1.0001133538196973, 0.9999299841080699])
(62, [1.0, 0.9999901217712059])
(63, [1.0, 1.0])
(64, [1.0, 1.0])
(65, [1.0000426332288401, 0.9999794995510166])
(66, [1.0000198654150174, 0.999993242577846])
(67, [1.0, 1.0])
(68, [1.0, 1.0])
(69, [1.00003268497025, 0.9999712498344979])
(70, [1.0001231278519545, 0.9999494784215045])
(71, [1.0000273369801975, 0.9999890075714559])
(72, [1.0000251708647112, 0.9999855236013423])
(73, [1.000052068216953, 0.9999631332690492])
(74, [1.0000863450256001, 0.9999655197848467])
(75, [1.000103364945852, 0.9999452090007331])
(76, [1.0000458527442533, 0.9999764968965807])
(77, [1.0000761394428759, 0.9999746682710073])
(78, [1.0000099421697155, 0.9999900738321996])
(79, [1.0001123375097185, 0.9999467819697108])
(80, [1.0000041452506845, 0.9999611165204906])
(81, [1.000087446310943, 0.9999584593689698])
(82, [1.0001521492896002, 0.9999270285312647])
(83, [1.0000259958952267, 0.9999796761993714])
(84, [1.0001776989805686, 0.9999128566869554])
(85, [1.0002218862117398, 0.9998778601205753])
(86, [1.0001771898868939, 0.9999207204768782])
(87, [1.0000276205640355, 0.9999657515277453])
(88, [1.0001983111133654, 0.9999422375759313])
(89, [1.0000690563093741, 0.9999143930642956])
(90, [1.0001856210678755, 0.9999007912662319])
(91, [1.000134132788023, 0.9999203600820107])
(92, [1.0000175431604155, 0.9999329460043881])
(93, [1.0, 1.0])
(94, [1.0002160077689097, 0.9998859358289459])
(95, [1.0001278100131978, 0.9999227596623422])
(96, [1.0000509087506169, 0.9999295399515427])
(97, [1.0, 1.0])
(98, [1.0, 1.0])
(99, [1.000102366563289, 0.9999525205797622])
(100, [1.0001489963611843, 0.9998832414351312])
WARNING: HADOOP_PREFIX has been replaced by HADOOP_HOME. Using value of HADOOP_PREFIX.
(0, [1.8905730478252636, 0.6698610164939933])
(1, [1.9050085148431946, 0.6673516207806548])
(2, [1.9181626134292447, 0.6660401358912477])
(3, [1.904334591731568, 0.6607945555128925])
(4, [1.905765390195415, 0.6640197867072284])
(5, [1.9349609689774465, 0.6566404524283275])
(6, [1.9565994756052865, 0.644425056160217])
(7, [1.9533917152046973, 0.6448656104984549])
(8, [1.9835349938226914, 0.6347616993004359])
(9, [2.0037064962476387, 0.6298755586576702])
(10, [1.9923724929020188, 0.6302111999239749])
(11, [1.9721391651301192, 0.6335289265997284])
(12, [1.9903148491637066, 0.6271813517246373])
(13, [2.0115297311800138, 0.6198899500352835])
(14, [2.018756072321333, 0.6169365439493025])
(15, [2.0319810348008858, 0.6177151029394963])
(16, [2.0444320232009217, 0.616573627842948])
(17, [2.0450516203819453, 0.6155362782345687])
(18, [2.0382344992433636, 0.6160783891676688])
(19, [2.039309486441128, 0.6130800613675816])
(20, [2.0478221578609292, 0.6092475608649441])
(21, [2.040802965333764, 0.6103777656132053])
(22, [2.039097244428044, 0.6113284844811038])
(23, [2.0403297508375284, 0.6083969664079353])
(24, [2.010081839405856, 0.617142369220038])
(25, [1.9864584036175348, 0.6164552660169145])
(26, [1.9630792487999482, 0.6218644064149143])
(27, [1.9560156286067736, 0.6219526274708308])
(28, [1.946400628603577, 0.6250473847275818])
(29, [1.927974299813222, 0.6291659871554606])
(30, [1.9026245208174737, 0.635827885984365])
(31, [1.8861717977408583, 0.6361811932782816])
(32, [1.86738980765308, 0.6389797526869475])
(33, [1.8476129356390614, 0.64276073075423])
(34, [1.8439830307435063, 0.6448870758012191])
(35, [1.8147169574438902, 0.6505345022424956])
(36, [1.7983722630780974, 0.6565703585081218])
(37, [1.792040582901963, 0.6596226136746137])
(38, [1.7849370112645742, 0.6597717459933493])
(39, [1.7666923249367184, 0.6633129244736725])
(40, [1.7404250315383034, 0.6694369370508684])
(41, [1.7165737122606217, 0.6731912449208409])
(42, [1.6933626932309893, 0.681741405831266])
(43, [1.6769377316716279, 0.6857908162905669])
(44, [1.675795598447748, 0.6856099099898186])
(45, [1.668345350215421, 0.685010416879034])
(46, [1.6570949361339564, 0.6837763973586344])
(47, [1.629846497772433, 0.6862884309714034])
(48, [1.6147722592405105, 0.6891672247688774])
(49, [1.6018061400337353, 0.6897467440516761])
(50, [1.583344667904084, 0.6936865464959742])
(51, [1.57522370256134, 0.6942930092685701])
(52, [1.5548370626467036, 0.6972450588029744])
(53, [1.5355197817530881, 0.69749796312484])
(54, [1.5142793301427389, 0.6967456307126666])
(55, [1.484509867133616, 0.7054333052406254])
(56, [1.466404095331109, 0.7064445395032588])
(57, [1.4451734300610404, 0.7108694176331867])
(58, [1.4339702589594805, 0.712361633008777])
(59, [1.4181855012279783, 0.7171668782069059])
(60, [1.3995256636253188, 0.7173255305214787])
(61, [1.3783763025808191, 0.7159304909720481])
(62, [1.3479979361418362, 0.7233563986339941])
(63, [1.3288300445283598, 0.7265906500016528])
(64, [1.3138087584298392, 0.7327492573125806])
(65, [1.290701794086262, 0.7395789647720112])
(66, [1.2710661209422618, 0.7475526544009362])
(67, [1.2519396601520527, 0.7515148715863795])
(68, [1.232504237593016, 0.7494416768412526])
(69, [1.2103268862723418, 0.756811974757521])
(70, [1.1900689661804935, 0.76267065198888])
(71, [1.1715371895297768, 0.7712950193723318])
(72, [1.1510145609525235, 0.7811546729172648])
(73, [1.1356745426498396, 0.7893868522202229])
(74, [1.1196474755171641, 0.7926297251959046])
(75, [1.101348741554225, 0.8029854446985156])
(76, [1.084376453171845, 0.8133056997472354])
(77, [1.0693604322475665, 0.8209676344290346])
(78, [1.0577293601646716, 0.8279108879746067])
(79, [1.0475624998855129, 0.8350995208192973])
(80, [1.0377458155902477, 0.8399472501549077])
(81, [1.0274828758263723, 0.8447702972851918])
(82, [1.018300909670824, 0.8452504994749755])
(83, [1.0089171617608768, 0.8543665175471415])
(84, [1.0011412997098452, 0.8656281348914561])
(85, [0.9975515740165717, 0.8816309363877769])
(86, [0.9963887031832062, 0.9034284682382712])
(87, [1.0, 1.0])
(88, [1.0, 1.0])